Compiling shader : SimpleVertexShader.vertexshader
Compiling shader : SimpleFragmentShader.fragmentshader
Linking program


PSO*************************
Mejor Particula: 2

X: -0.708889	0.708858	
V: -0.000000	-0.000000	
P: -0.708889	0.708858	
Fxi: 420.301941
Fpi: 420.301941



PSOInercia*****************
Mejor Particula: 45

X: -0.708908	-0.708877	
V: -0.000000	0.000000	
P: -0.708908	-0.708877	
Fxi: 420.301941
Fpi: 420.301941



GA*************************
Individuo: 0
0010000100110111
1101100010111001

0.693146 -0.740509 	409.946289
Individuo: 1
0010010100111110
1111101000101001

0.954376 -0.709045 	50.014687
Individuo: 2
0010110100011111
1101101101101101

0.714264 -0.647491 	392.570618
Individuo: 3
0010010001100110
1101100100100101

0.696442 -0.715637 	418.691132
Individuo: 4
0010001110100111
1101110111110100

0.734009 -0.721466 	413.728851
Individuo: 5
0010000010101111
1101101100111000

0.712646 -0.744659 	409.370972
Individuo: 6
0010010100001110
1101100010111000

0.693115 -0.710510 	418.301910
Individuo: 7
0010010100011101
1101101000111000

0.704834 -0.710052 	420.157593
Individuo: 8
0010010011111101
1101111100100110

0.743347 -0.711029 	410.237061
Individuo: 9
0010010110111110
1101010000110101

0.657867 -0.705139 	400.778900
Individuo: 10
0010100000011110
1101101010111010

0.708801 -0.686584 	416.387878
Individuo: 11
0010010001100110
1101101101111101

0.714752 -0.715637 	419.648071
Individuo: 12
0010110000001110
1101111000111000

0.736084 -0.655823 	393.491486
Individuo: 13
0010010110011011
1101000001111010

0.628723 -0.706207 	375.287048
Individuo: 14
0010010100111111
1101101010111101

0.708893 -0.709015 	420.301819
Individuo: 15
0010110100011111
1101010011110011

0.663666 -0.647491 	378.371399
Individuo: 16
0010010000111110
1101100001110011

0.691010 -0.716858 	417.250366
Individuo: 17
0010010100111110
1101101010111101

0.708893 -0.709045 	420.301758
Individuo: 18
0000010100010111
1101010011110010

0.663635 -0.960236 	41.422485
Individuo: 19
0010100000111111
1101010111110000

0.671387 -0.685577 	405.374115
Individuo: 20
0010100000011110
1101100001110010

0.690979 -0.686584 	413.869385
Individuo: 21
0010110100011111
1101100010111001

0.693146 -0.647491 	390.948944
Individuo: 22
0010010100111111
1101100010111001

0.693146 -0.709015 	418.330475
Individuo: 23
0011010100011111
1101101000111000

0.704834 -0.584991 	324.175201
Individuo: 24
0000000100111110
1101010000110101

0.657867 -0.990295 	20.614813
Individuo: 25
0010010110111110
1101101101111101

0.714752 -0.705139 	419.906677
Individuo: 26
0010010000111110
1101101101111101

0.714752 -0.716858 	419.500122
Individuo: 27
0010010100111110
1101101010111101

0.708893 -0.709045 	420.301758
Individuo: 28
0010000010111111
1101101000111000

0.704834 -0.744171 	409.650543
Individuo: 29
0010110000001110
1101101000101100

0.704468 -0.655823 	399.237457
Individuo: 30
0010100110111111
1101110100000110

0.726746 -0.673859 	408.272797
Individuo: 31
0010010000011111
1111101000110000

0.954590 -0.717804 	49.667252
Individuo: 32
0010010100111111
1101101010111100

0.708862 -0.709015 	420.301819
Individuo: 33
0010010100011011
1101101000111001

0.704865 -0.710114 	420.158417
Individuo: 34
0010010100111111
1101101111111101

0.718658 -0.709015 	419.516724
Individuo: 35
0010010110100101
1101101010111010

0.708801 -0.705902 	420.229279
Individuo: 36
0010010101111111
1101100001110011

0.691010 -0.707062 	417.741119
Individuo: 37
0010010001100110
1101010011110011

0.663666 -0.715637 	404.512848
Individuo: 38
0010010100010111
1101100010111000

0.693115 -0.710236 	418.308533
Individuo: 39
0010010000011111
1101010111110100

0.671509 -0.717804 	408.964050
Individuo: 40
0010010110100111
1101100100100100

0.696411 -0.705841 	418.981628
Individuo: 41
0010010100111101
1101101000111000

0.704834 -0.709076 	420.168274
Individuo: 42
0010010100111101
1101100100100100

0.696411 -0.709076 	419.056732
Individuo: 43
0010010001100110
1101101011111011

0.710785 -0.715637 	419.899902
Individuo: 44
0010110100011111
1101100010111000

0.693115 -0.647491 	390.941925
Individuo: 45
0010010100111110
1101100010111001

0.693146 -0.709045 	418.330444
Individuo: 46
0010010110111110
1101100100100101

0.696442 -0.705139 	418.949127
Individuo: 47
0010010100111101
1101010111110100

0.671509 -0.709076 	409.600128
Individuo: 48
0010000010111111
1101101010111101

0.708893 -0.744171 	409.780609
Individuo: 49
0010010000111110
1011101111111101

0.468658 -0.716858 	170.434036
Individuo: 50
0010000100110111
1101100001110011

0.691010 -0.740509 	409.395203
Individuo: 51
0010010001100110
1101100010110001

0.692902 -0.715637 	417.898651
Individuo: 52
0010010100011111
1101010011110011

0.663666 -0.709991 	404.862701
Individuo: 53
0010010001100100
1101101010111101

0.708893 -0.715698 	419.922150
Individuo: 54
0010010001100110
1101100001110011

0.691010 -0.715637 	417.397522
Individuo: 55
0010110100011111
1101100100100101

0.696442 -0.647491 	391.633392
Individuo: 56
0010110100010111
1101010101101100

0.667358 -0.647736 	380.740356
Individuo: 57
0010010100010111
1101101010111000

0.708740 -0.710236 	420.287109
Individuo: 58
0010010110111110
1101101000111001

0.704865 -0.705139 	420.056366
Individuo: 59
0010010000011111
1101110100000110

0.726746 -0.717804 	417.003937
Individuo: 60
0010010100010111
1101110101001010

0.728821 -0.710236 	416.979065
Individuo: 61
0010010001100100
1101010011110111

0.663788 -0.715698 	404.585724
Individuo: 62
0010010000011101
0101110100000110

-0.273254 -0.717865 	23.644764
Individuo: 63
0010011000011111
1101101010101000

0.708252 -0.702179 	419.935059
Individuo: 64
0010010100111111
1101010000110101

0.657867 -0.709015 	400.887695
Individuo: 65
0010010110111110
1101101010011001

0.707794 -0.705139 	420.177887
Individuo: 66
0010110100111110
1101100010111001

0.693146 -0.646545 	390.156067
Individuo: 67
0010110100011111
1101100001110011

0.691010 -0.647491 	390.423401
Individuo: 68
0010110100011111
1101100010111001

0.693146 -0.647491 	390.948944
Individuo: 69
0010000011111111
1101101000101100

0.704468 -0.742218 	410.773895
Individuo: 70
0010110001001110
1101110101001010

0.728821 -0.653870 	394.778625
Individuo: 71
0010010100010111
1101111100100110

0.743347 -0.710236 	410.259003
Individuo: 72
0111000110111111
1101010111100100

0.671021 -0.111359 	0.853346
Individuo: 73
0010010100111111
1001101010111001

0.208771 -0.709015 	8.533185
Individuo: 74
1010010110111110
1101101010111101

0.708893 0.294861 	31.619205
Individuo: 75
0010000010111111
1101101101111100

0.714722 -0.744171 	409.509399
Individuo: 76
0010010100010111
1101010101101100

0.667358 -0.710236 	407.181274
Individuo: 77
0110010100010111
1101010100110100

0.665649 -0.210236 	8.465889
Individuo: 78
0010010110100111
1101100101110010

0.698792 -0.705841 	419.408112
Individuo: 79
0010010100111110
1101101101111101

0.714752 -0.709045 	420.020630
Individuo: 80
0010010011101101
1101101000101100

0.704468 -0.711517 	420.087402
Individuo: 81
0010010100111110
1101101010111001

0.708771 -0.709045 	420.301605
Individuo: 82
0010010100010111
1101101111111100

0.718628 -0.710236 	419.507172
Individuo: 83
0010010100001110
1101010100110100

0.665649 -0.710510 	406.120819
Individuo: 84
0010010000111110
1011101111111101

0.468658 -0.716858 	170.434036
Individuo: 85
0010010100111110
1101100101100101

0.698395 -0.709045 	419.418304
Individuo: 86
0010110100011111
1101101101111101

0.714752 -0.647491 	392.528503
Individuo: 87
0010010110111110
1101111000101101

0.735748 -0.705139 	414.138275
Individuo: 88
0010010111101101
1101101101100100

0.713989 -0.703705 	419.872009
Individuo: 89
0010010000011110
0101101010111000

-0.291260 -0.717834 	30.131714
Individuo: 90
0010010100111111
1101100010111001

0.693146 -0.709015 	418.330475
Individuo: 91
0010010100110111
1101101000111000

0.704834 -0.709259 	420.167419
Individuo: 92
0010110100011111
1101010101001101

0.666412 -0.647491 	380.001556
Individuo: 93
0010011110100111
1101111101001010

0.744446 -0.690216 	406.923981
Individuo: 94
0010010001100110
1101101111111101

0.718658 -0.715637 	419.144592
Individuo: 95
0010010100001110
1101101101101100

0.714233 -0.710510 	420.047302
Individuo: 96
0010010100111111
1101010000110101

0.657867 -0.709015 	400.887695
Individuo: 97
0010010110111110
1101101010111001

0.708771 -0.705139 	420.187592
Individuo: 98
0010110100011111
1101101010111101

0.708893 -0.647491 	392.791229
Individuo: 99
0010010100111111
1101101111111100

0.718628 -0.709015 	419.521667
Mejor Individuo :32
0010010100111111
1101101010111100

0.708862 -0.709015 	420.301819
